function [rgb] = getColor

rgb{1} = [0 0.4470 0.7410];	%'#0072BD'	
rgb{2} = [0.8500 0.3250 0.0980];	%'#D95319'	
rgb{3} = [0.9290 0.6940 0.1250];	%'#EDB120'	
rgb{4} = [0.4940 0.1840 0.5560];	%'#7E2F8E'	
rgb{5} = [0.4660 0.6740 0.1880];	%'#77AC30'	
rgb{6} = [0.3010 0.7450 0.9330];	%'#4DBEEE'	
rgb{7} = [0.6350 0.0780 0.1840]; %'#A2142F'